Epoch	Epoch_Time	Loss	Accuracy	Precision	Recall	Matthews_Correlation
0	3.4082305431365967	0.6932956489742311	0.0	0.0013323260002689045	0.537802423224037	0.002228859821307948
1	2.0746400356292725	0.6932951642124289	0.0	0.0013692383688135145	0.5568259726335973	0.0033259200569461583
2	2.2779247760772705	0.6932946673372419	0.0014245014245014246	0.0014231419010005595	0.5828517217468558	0.004898086186685907
3	2.1396985054016113	0.6932941768017703	0.01899335232668566	0.0014983649856029724	0.618381657774745	0.007083800235711894
4	2.191347360610962	0.6932936810020708	0.033713200379867046	0.0015487978774952505	0.6436704791735607	0.008596616813953671
5	2.2466251850128174	0.6932931889948795	0.03466286799620133	0.0015807274450633784	0.6604100056523271	0.009560706490139563
6	2.428567409515381	0.693292695742387	0.03608736942070275	0.0015950979919642464	0.6668280091946848	0.009936933803698447
7	2.2269179821014404	0.6932921954143194	0.03798670465337132	0.0016072895852159018	0.6728626927192848	0.010277520966913343
8	2.219574213027954	0.6932916985391325	0.0389363722697056	0.001618817556021047	0.6782247179593796	0.010588017430736667
9	2.1872189044952393	0.6932911983808787	0.03941120607787275	0.0016332014448032428	0.6861965262312495	0.011024940292397823
10	3.076103448867798	0.6932907015056918	0.04843304843304843	0.0016447337912435397	0.6923411259284387	0.011369273861196221
11	2.754347324371338	0.6932901941020491	0.06742640075973409	0.0016557197761456575	0.6977749756145568	0.01168408313879331
12	2.310007095336914	0.6932896894154272	0.0698005698005698	0.0016675556227471946	0.7042404346429838	0.012036149687658206
13	2.2909586429595947	0.6932891773136026	0.06885090218423552	0.001677667751513839	0.7095929620838799	0.012339671317519795
14	2.2632620334625244	0.6932886775515811	0.06885090218423552	0.0016923780600139686	0.7173129094858341	0.012780160968636798
15	2.2640674114227295	0.6932881610912023	0.06885090218423552	0.0017083736358994065	0.7247354019741048	0.013234314395084708
16	2.3422038555145264	0.6932876482535179	0.06885090218423552	0.0017224087319951521	0.732563049025685	0.013675551375963239
17	2.351327419281006	0.6932871287364906	0.06885090218423552	0.0017347620322093976	0.7394574610029984	0.014062108255300144
18	2.2130661010742188	0.6932866075779298	0.06885090218423552	0.001745589886299367	0.7455800673221251	0.014403157433227823
19	2.4969940185546875	0.6932860898722497	0.06885090218423552	0.0017557709174587128	0.7499634720321394	0.014673977728547477
20	2.4166297912597656	0.6932855572795596	0.06885090218423552	0.0017675882666274474	0.7567995042882414	0.015055134849125787
21	2.295513868331909	0.6932850231019407	0.06885090218423552	0.0017768856587842751	0.7625533918596288	0.015363148631172472
22	2.2528576850891113	0.6932844930564576	0.06885090218423552	0.0017871359047671852	0.7684685364294822	0.015696423774777937
23	2.3012709617614746	0.6932839486900105	0.06885090218423552	0.0017961320851032656	0.7734566081283439	0.015978558762892302
24	2.302773952484131	0.693283403814122	0.06885090218423552	0.0018025056198318927	0.7776594807279755	0.01619854966905552
25	2.3574740886688232	0.6932828563910264	0.06885090218423552	0.0018081889746614254	0.7814505779505455	0.016397078739123636
26	2.3966360092163086	0.693282304269749	0.06885090218423552	0.001815285437869957	0.7850289396863831	0.016606125972655594
27	2.496983289718628	0.6932817475634989	0.06885090218423552	0.0018209592151899572	0.7884026445441323	0.016784818846544876
28	2.2401657104492188	0.6932811755174019	0.06885090218423552	0.0018237007587063785	0.7902384875280338	0.016876167658422803
29	2.462385416030884	0.6932806143393884	0.06885090218423552	0.001831519191267441	0.7951020381615939	0.01714175139843059
30	2.3572041988372803	0.693280030859162	0.06885090218423552	0.0018365578856389944	0.7982189508698039	0.017309353649722376
31	2.18577241897583	0.6932794591526926	0.06885090218423552	0.0018413018540599528	0.8012890494786776	0.017471850437535803
32	2.2857439517974854	0.69327885812504	0.06885090218423552	0.0018454478294208313	0.8047112277996393	0.017643035438127553
33	2.432121992111206	0.6932782748146274	0.06885090218423552	0.001848448249270409	0.8068510909252583	0.017750819491404696
34	2.443557024002075	0.6932776676170733	0.06885090218423552	0.0018497216912691373	0.8082541469042345	0.017807157033592716
35	2.2916972637176514	0.6932770667592345	0.06885090218423552	0.0018537217967392627	0.8111187209996968	0.017950967945696224
36	2.461895704269409	0.6932764454105301	0.06885090218423552	0.0018550971350349585	0.8125475298079103	0.018010777045405716
37	2.3354332447052	0.6932758327789343	0.06885090218423552	0.0018585959088666664	0.8153201807484894	0.01814581940776659
38	2.2824628353118896	0.693275195524337	0.06885090218423552	0.0018612889616426472	0.8169142242736853	0.018228506983380768
39	2.2842557430267334	0.6932745562319742	0.06885090218423552	0.001864556383957568	0.8193600991173008	0.018352101939037826
40	2.304037094116211	0.6932739164301699	0.06885090218423552	0.001867646428790467	0.8217137428770038	0.01846681174743436
41	2.2884438037872314	0.6932732606658681	0.06885090218423552	0.0018698903269325502	0.8238154046895497	0.018561406206987013
42	2.2981255054473877	0.693272601844918	0.06885090218423552	0.0018739902358771907	0.8263318360361278	0.018699820792870303
43	2.298433303833008	0.6932719303445373	0.06885090218423552	0.0018786836629123174	0.8290823459738453	0.01885731032707243
44	2.370975971221924	0.693271254655416	0.06885090218423552	0.0018826313627484021	0.8313625866984143	0.01898106059867885
45	2.4912915229797363	0.693270559777335	0.06885090218423552	0.0018873036370753308	0.8348863680138547	0.01916032158729867
46	2.312683582305908	0.693269864899254	0.06885090218423552	0.001889412380124337	0.8377136111485879	0.019277402821570946
47	2.402858018875122	0.693269139398084	0.06885090218423552	0.00189272017589198	0.8403903648384616	0.019409636566229696
48	2.2489542961120605	0.6932684300292251	0.06885090218423552	0.0018940797703144302	0.8418318829645118	0.019470622563152684
49	2.6138222217559814	0.693267699999687	0.06885090218423552	0.001895136968531192	0.8437310624213187	0.019543714934547856
50	2.626537799835205	0.6932669427999404	0.06885090218423552	0.0018960585868439805	0.8454069290292455	0.019608237392358403
51	2.661029577255249	0.6932661908644216	0.06885090218423552	0.001896451860796731	0.8460977741456099	0.019630325641500756
52	2.3262922763824463	0.6932654300419806	0.06885090218423552	0.001899312050431146	0.8482402398375704	0.019739613856798337
53	2.4076812267303467	0.6932646527476007	0.06885090218423552	0.0019036757063026852	0.8510679032048608	0.01989109775428249
54	2.3306005001068115	0.6932638475471525	0.06885090218423552	0.0019058772947719712	0.8528636674142858	0.019979454028612075
55	1.9413135051727295	0.6932630378183363	0.06885090218423552	0.001907428982159068	0.8545246266345127	0.020051648064648268
56	2.2204432487487793	0.6932622228252922	0.06885090218423552	0.0019082440367828195	0.8561673510221788	0.020111813411604815
57	2.368669033050537	0.6932613777752049	0.06885090218423552	0.0019073019388811936	0.8573167975585119	0.020127252571228167
58	2.116758346557617	0.6932605296684693	0.06885090218423552	0.0019086013351397276	0.8586912469306902	0.02018660110141109
59	2.220289707183838	0.693259660504822	0.06885090218423552	0.0019083498326614003	0.8596620765167085	0.02020793002724987
60	2.3284361362457275	0.6932587783221166	0.06885090218423552	0.0019105409033988326	0.8610405923634173	0.020278915210122
61	2.1639058589935303	0.6932578827241207	0.06885090218423552	0.0019127107593509504	0.8632160412167099	0.020379328373235854
62	2.0355520248413086	0.6932569722957195	0.06885090218423552	0.001912177773911138	0.8635607251980593	0.020375915650890367
63	2.3275458812713623	0.6932560418858941	0.06885090218423552	0.0019122430837911297	0.8644090968432703	0.020396725261355737
64	2.234224319458008	0.6932550928531549	0.06885090218423552	0.001911645184869366	0.8647962071051059	0.02039420001247698
65	2.191420555114746	0.6932541291598241	0.06885090218423552	0.0019120414631223662	0.8658314020092558	0.02042896504065505
66	2.2482492923736572	0.6932531464473475	0.06885090218423552	0.001913577789933388	0.8675531835524332	0.02050314674371498
67	2.1128768920898438	0.693252151225254	0.06885090218423552	0.0019131165357343747	0.86826380224083	0.02051625166049427
68	2.211897850036621	0.6932511219271907	0.06885090218423552	0.0019121234144233628	0.8691360972545765	0.02052586338795007
69	2.235707998275757	0.6932500857799707	0.06885090218423552	0.0019145830448054429	0.870823756638642	0.02061498065895674
70	2.240114212036133	0.6932490211606366	0.06885090218423552	0.0019153082700833636	0.8718757617507565	0.020656539766685744
71	2.1920716762542725	0.6932479453335914	0.06885090218423552	0.0019141853888053006	0.8724392745909189	0.020652930799726636
72	2.2866315841674805	0.6932468406948042	0.06885090218423552	0.001914260357840328	0.8737464659234397	0.02069120837069503
73	2.2476918697357178	0.6932457117726434	0.06885090218423552	0.0019156284387517944	0.8751740538836205	0.02075422815147147
74	2.3297011852264404	0.6932445700012381	0.06885090218423552	0.0019156929101761349	0.8763310673230055	0.02079061946167424
75	2.426548957824707	0.6932433938142355	0.06885090218423552	0.0019173111765139542	0.877778065680099	0.02085914635537272
76	2.4573097229003906	0.6932422005892479	0.06885090218423552	0.001916203983886484	0.8785918641407379	0.02086684463947219
77	2.244814395904541	0.6932409836469327	0.06885090218423552	0.001916848291007931	0.8805091208428966	0.020934763177875553
78	2.4349634647369385	0.6932397444024045	0.06885090218423552	0.001917149221077066	0.8815713021037472	0.020970860379416378
79	2.3898634910583496	0.6932384723838125	0.06885090218423552	0.001916935814600721	0.8825074552584011	0.020994579080750517
80	2.3038086891174316	0.6932371822517482	0.06885090218423552	0.0019179248920547203	0.8841179258916226	0.021056268623333995
81	2.159151792526245	0.6932358707231447	0.06885090218423552	0.0019180687333559768	0.8853536450851563	0.02109492117944125
82	2.164752721786499	0.6932345217222955	0.06885090218423552	0.0019183972652436385	0.8863212097177932	0.021127320313074422
83	2.2187576293945312	0.6932331477022126	0.06885090218423552	0.00191816621587602	0.8871225633172908	0.02114704546075516
84	2.1842799186706543	0.6932317613989313	0.06885090218423552	0.001918644078163446	0.8882622077480906	0.02118848291458341
85	2.194952964782715	0.6932303285100634	0.06885090218423552	0.001917455054077533	0.8884386664781815	0.021170037199812964
86	2.1112053394317627	0.6932288684509872	0.06885090218423552	0.001916975035840258	0.8890842061776382	0.021178811324224344
87	2.058741807937622	0.693227389372765	0.06885090218423552	0.0019171750366445436	0.8898980010155826	0.02120302742433797
88	2.26055908203125	0.6932258749732717	0.06885090218423552	0.0019175759648770653	0.8907692898259431	0.02123380918851775
89	2.4622013568878174	0.6932243261581812	0.06885090218423552	0.0019170810319907815	0.8914730109040894	0.02124382533285155
90	2.4380581378936768	0.6932227521540433	0.06885090218423552	0.0019166865957089844	0.8918092648754319	0.021246182488176727
91	2.2572851181030273	0.6932211499042095	0.06885090218423552	0.001916509037910353	0.8922273546089361	0.021251058852492857
92	2.39052152633667	0.6932195153897531	0.06885090218423552	0.0019169532066407452	0.8936007325692281	0.021301350378540168
93	2.2180871963500977	0.6932178562522954	0.06885090218423552	0.0019155751300974795	0.8939321058654603	0.021285260642780537
94	2.507681369781494	0.6932161590765458	0.06885090218423552	0.0019149348280279377	0.8942849327582806	0.02128413690524733
95	2.3202807903289795	0.6932144176926028	0.06885090218423552	0.0019161520592257176	0.895068155677683	0.02132289509173104
96	2.402252435684204	0.6932126462516168	0.06885090218423552	0.0019156874383796194	0.8956921983082183	0.02133107002371708
97	2.4017562866210938	0.6932108353006194	0.06885090218423552	0.001915315531392326	0.8961120115386115	0.021334255318504962
98	2.4877326488494873	0.6932089951982525	0.06885090218423552	0.001914738455003681	0.897003528569159	0.021350149152816363
99	2.3975119590759277	0.693207130076652	0.06885090218423552	0.0019139269474541798	0.8975312817923138	0.021351374906876035
100	2.042640447616577	0.6932052140675152	0.06885090218423552	0.0019132004059534537	0.8978595966287488	0.021345739857826986
101	2.4283759593963623	0.6932032734353771	0.06885090218423552	0.0019121970205810115	0.8985106681826448	0.02134635761921477
102	2.957451581954956	0.6932012887648594	0.06885090218423552	0.0019123601146879918	0.8993141963044916	0.021369761164704335
103	2.7005512714385986	0.6931992760184597	0.06885090218423552	0.0019128214021643193	0.9003931044513344	0.021407735578234662
104	2.428257465362549	0.693197206950482	0.06885090218423552	0.0019124396329861513	0.900952443041806	0.021415872643511576
105	2.6960880756378174	0.6931951121274109	0.06885090218423552	0.0019124650251799585	0.9019563049219499	0.021445721486036764
106	2.2887308597564697	0.6931929834547885	0.06885090218423552	0.001912701425617092	0.902939848354173	0.021477042003079243
107	2.443291664123535	0.6931908230835896	0.06885090218423552	0.0019114796329950357	0.903096447473238	0.02145683925407819
108	2.4032580852508545	0.6931886132399694	0.06885090218423552	0.001910521135789741	0.9036266387697638	0.021453670034112526
109	2.16249418258667	0.6931863697166116	0.06885090218423552	0.00191008063458421	0.9043058731503862	0.021465827545534964
110	2.4199812412261963	0.6931840738339982	0.06885090218423552	0.001910399120316044	0.9057201640105542	0.02151369556593589
111	2.4617412090301514	0.6931817616492595	0.06885090218423552	0.0019095397002332564	0.9064057009738622	0.021517914537683567
112	2.5175130367279053	0.6931793851616942	0.06885090218423552	0.0019095196085849358	0.9073239045831439	0.021540364088686953
113	2.466813325881958	0.6931769974098133	0.06885090218423552	0.0019090275567291166	0.9080323885988306	0.021551535128733427
114	2.48673677444458	0.6931745683931784	0.06885090218423552	0.0019094475442393269	0.9094156090803409	0.021599041264422827
115	2.448711633682251	0.6931720879229611	0.06885090218423552	0.0019102121379619141	0.9108292677803257	0.02165259822852846
116	2.2965075969696045	0.6931695641502242	0.06885090218423552	0.0019097797479082504	0.911759088295251	0.021670919460052552
117	2.506012201309204	0.6931670331320985	0.06885090218423552	0.0019085108943094286	0.9122284207022541	0.02165988409415892
118	2.259370803833008	0.6931644258675752	0.06885090218423552	0.0019084281217994952	0.9130887119179099	0.021682419816822746
119	2.2993791103363037	0.6931617934140045	0.06885090218423552	0.0019081858047996167	0.9142394155292203	0.02171127038945047
120	2.1340389251708984	0.6931591239976295	0.06885090218423552	0.0019083384891878195	0.915451069163461	0.021751178200343394
121	2.2255070209503174	0.6931564156372889	0.06885090218423552	0.0019087369368232059	0.9169613360679387	0.02180480870355455
122	2.2232346534729004	0.6931536621630815	0.06885090218423552	0.0019094731011060893	0.9181616995748971	0.02185362654385234
123	2.3372409343719482	0.6931508733676031	0.06885090218423552	0.0019079754574592282	0.9185520240723917	0.021837888338584507
124	2.3853747844696045	0.6931480430809521	0.06885090218423552	0.001906893517835736	0.91895388956876	0.021829697426412067
125	2.267767906188965	0.693145188001486	0.06885090218423552	0.0019060131193913434	0.9194626770807467	0.021826167239790743
126	2.352510452270508	0.6931423022989307	0.06885090218423552	0.0019050923232272169	0.9199018336882052	0.021822199395239522
127	2.1377553939819336	0.6931393787278975	0.06885090218423552	0.0019056546265336332	0.921733817596834	0.021890127638678605
128	2.2896504402160645	0.6931364008164473	0.06885090218423552	0.0019050379134365246	0.9225773783038032	0.02190431263138596
129	2.525156021118164	0.6931334029801777	0.06885090218423552	0.0019043538473318318	0.9231867381536949	0.02190990231273181
130	2.4523143768310547	0.6931303527846522	0.06885090218423552	0.001904367195957067	0.9243978728369543	0.021947618761406777
131	2.2354633808135986	0.6931272870228614	0.06885090218423552	0.0019037519148347505	0.9249390164445042	0.021951923719965495
132	2.437760591506958	0.6931241743358565	0.06885090218423552	0.0019026336256602154	0.9255099413175302	0.021947272530520742
133	2.365109920501709	0.6931210462524001	0.06885090218423552	0.0019019297929967118	0.9262476903647325	0.021956049441824273
134	2.302389621734619	0.6931178759419114	0.06885090218423552	0.0019017828208087446	0.9269761462949733	0.021973325526881308
135	2.370088577270508	0.6931146763102395	0.06885090218423552	0.001902198834222691	0.9282722114271361	0.02202257342240353
136	2.175431728363037	0.6931114534706811	0.06885090218423552	0.0019011440208616887	0.9290387771974149	0.022026924961242127
137	2.2868998050689697	0.6931081842719546	0.06885090218423552	0.0019014327698307605	0.9302004376481174	0.022065315977559695
138	2.4153521060943604	0.6931049061863058	0.06885090218423552	0.0019015416758668283	0.9312508505860172	0.022099134847451025
139	2.34074068069458	0.6931015945907332	0.06885090218423552	0.0019000129394342899	0.9317121880459763	0.022084980552126314
140	2.574314594268799	0.6930982502210966	0.06885090218423552	0.00189903847823903	0.9323913200854802	0.02208740497671301
141	2.3016538619995117	0.6930948853605946	0.06885090218423552	0.0018984436403879504	0.9332337378323474	0.022102641205304255
142	2.322089910507202	0.6930914958770912	0.06885090218423552	0.001897764919493312	0.933872844532118	0.02210943736065204
143	2.2888200283050537	0.6930880920726237	0.06885090218423552	0.0018961956700312764	0.9344106914877099	0.02209561021692506
144	2.3299336433410645	0.6930846518713978	0.06885090218423552	0.0018957543911758178	0.9350280819455443	0.022103415878183597
145	2.326869487762451	0.6930811919151662	0.06885090218423552	0.0018939011448778475	0.9354261626318762	0.022081891766414116
146	2.2824957370758057	0.6930777185436441	0.06885090218423552	0.0018925315298379734	0.9358501211304044	0.022068149518975167
147	2.447352409362793	0.6930742221906541	0.06885090218423552	0.0018909200479264095	0.9360242604303677	0.022040319654662497
148	2.386320114135742	0.6930707237998984	0.06885090218423552	0.001889536242102028	0.9365296072882917	0.022030267935221465
149	2.4727611541748047	0.6930671984653527	0.06885090218423552	0.0018888732150541079	0.937207861730063	0.022036784674339033
150	2.4021966457366943	0.6930636606211902	0.06885090218423552	0.00188796706135046	0.9377878533016469	0.0220339534820145
151	2.347633123397827	0.6930601133240594	0.06885090218423552	0.001886145930424605	0.9380852864791638	0.022008277206962037
152	2.1355652809143066	0.6930565555550774	0.06885090218423552	0.0018863302266029756	0.9392119734375565	0.022044903215760293
153	2.503002882003784	0.6930529917860077	0.06885090218423552	0.0018849374270040085	0.9399412182095157	0.02204198580932187
154	2.5649452209472656	0.6930494142620199	0.06885090218423552	0.001883194479524845	0.9404541872165821	0.02202467228385911
155	2.3120410442352295	0.6930458311341766	0.06885090218423552	0.0018834876156268786	0.9419612480364634	0.022075837575330808
156	2.332608699798584	0.6930422441572206	0.06885090218423552	0.0018822747471844928	0.9428659761280302	0.022080150985663998
157	2.241940498352051	0.6930386611991911	0.06885090218423552	0.001880550786734763	0.9433712858533361	0.022061754094130748
158	2.4001693725585938	0.693035073373166	0.06885090218423552	0.00187962405587673	0.9443698045987802	0.02207364420188062
159	2.387237787246704	0.6930314951133184	0.06885090218423552	0.0018790770768840662	0.945703351939166	0.022105929357727594
160	2.2534334659576416	0.693027912155289	0.06885090218423552	0.0018777860487092211	0.9464728747337972	0.022105848457370614
161	2.350332736968994	0.6930243320840942	0.06885090218423552	0.0018756417610111195	0.9468492255930887	0.022076947423510063
162	2.1824657917022705	0.6930207482203912	0.06885090218423552	0.0018738316072319993	0.9471378827932779	0.02205091934909395
163	2.389437675476074	0.6930171826399742	0.06885090218423552	0.001872494648182402	0.9479429360694922	0.022050205129928398
164	2.3749094009399414	0.693013610719842	0.06885090218423552	0.0018713113458598066	0.9487200665224877	0.022051420046860337
165	2.2090353965759277	0.693010066705778	0.06885090218423552	0.0018698889846185617	0.9492386153846951	0.022040767121108397
166	2.1699957847595215	0.6930065192388334	0.06885090218423552	0.0018682588626571346	0.9495738758320822	0.02201955296198244
167	2.390925884246826	0.6930030007534443	0.06885090218423552	0.0018668900348855482	0.9500063014732354	0.02200604362301847
168	2.7719404697418213	0.6929994909851639	0.06885090218423552	0.001866430294638498	0.9512181878655951	0.022035702032630545
169	2.4605462551116943	0.6929959770281431	0.06885090218423552	0.001865962101511413	0.9523837055802232	0.022063635597456555
170	2.5248706340789795	0.6929924853733349	0.06885090218423552	0.001865186215447331	0.9529967551444217	0.022067612704820046
171	2.239893674850464	0.692989006737585	0.06885090218423552	0.0018630121206176615	0.9533178454224314	0.02203598441441118
172	2.204754590988159	0.6929855531210687	0.06885090218423552	0.0018613121853385153	0.9537288056932397	0.022015144494835354
173	2.2900049686431885	0.6929821076556149	0.06885090218423552	0.0018605671180474085	0.9543370606213214	0.02201884119627256
174	2.519726037979126	0.6929786875490223	0.06885090218423552	0.0018598662823874677	0.9552752515416086	0.022034835157047423
175	2.42795991897583	0.6929752848200422	0.06885090218423552	0.0018580662153381766	0.9557100880859245	0.022014479816193425
176	2.420297861099243	0.6929718927893317	0.06885090218423552	0.001856406023398622	0.9561196427512826	0.02199564897344719
177	2.3075151443481445	0.6929685360798922	0.06885090218423552	0.0018543192082202348	0.9561592116315141	0.02195580980624625
178	2.4007575511932373	0.692965187691329	0.06885090218423552	0.0018530175963116869	0.9566219148472843	0.02194696344551962
179	2.406721591949463	0.6929618858883524	0.06885090218423552	0.0018519969413951145	0.957179301711116	0.021943917208778384
180	2.3418209552764893	0.6929585845948172	0.06885090218423552	0.001851165877121827	0.9579585106850577	0.02195471982628192
181	2.240422248840332	0.6929553199244587	0.06885090218423552	0.0018499942676293338	0.9582464841016677	0.021940318312131554
182	2.4344990253448486	0.692952073877014	0.06885090218423552	0.0018491084644958334	0.9587464503526462	0.021939373876747357
183	2.4546217918395996	0.6929488506978281	0.06885090218423552	0.0018485172570228455	0.959610411357789	0.021958227988406805
184	2.4320719242095947	0.6929456651607017	0.06885090218423552	0.0018469797364296348	0.9603183981586612	0.02195113033661221
185	2.2839176654815674	0.6929425082655034	0.06885090218423552	0.001844279804038802	0.9607754064987415	0.02191300495065119
186	2.423929214477539	0.6929393732762857	0.06885090218423552	0.0018427314491923066	0.961326383910401	0.021898032760412096
187	2.4888925552368164	0.6929362652874627	0.06885090218423552	0.0018412816747961122	0.9619770551565592	0.021889720233254566
188	2.6007626056671143	0.6929331792046202	0.06885090218423552	0.001839989325534004	0.9624985329672369	0.021879282243132365
189	2.4159162044525146	0.692930133367649	0.06885090218423552	0.0018388745810567681	0.9632242637255706	0.021883071994573473
190	2.5904176235198975	0.692927116851861	0.06885090218423552	0.001837644933330219	0.9638230199487801	0.021878020125923277
191	2.434579849243164	0.6929241182797315	0.06885090218423552	0.0018362085735058307	0.9642126778704941	0.021863826161386678
192	2.20295786857605	0.6929211658969564	0.06885090218423552	0.0018348013485228185	0.9646926142438071	0.021852792391919684
193	2.3040573596954346	0.6929182187784092	0.06885090218423552	0.001833568533426124	0.9650517545873962	0.02184038061970546
194	2.3368654251098633	0.6929153089622939	0.06885090218423552	0.0018312178932684	0.9650517545873962	0.021793830558721326
195	2.3797852993011475	0.6929124486185999	0.06885090218423552	0.0018292786417518374	0.9652169050767324	0.02175989119267022
196	2.384321689605713	0.6929095840861654	0.06885090218423552	0.0018274683367322992	0.965756034466163	0.021742670761433706
197	2.3222005367279053	0.6929067708374994	0.06885090218423552	0.0018262924399940652	0.9663553485843192	0.021738774840987986
198	2.2369704246520996	0.6929039948912654	0.06885090218423552	0.001824847698708729	0.9667459819165164	0.02172433256179604
199	2.1136372089385986	0.6929012452095662	0.06885090218423552	0.0018234075221643454	0.9671850280317938	0.021708881076520834
200	2.449906349182129	0.6928985205471007	0.06885090218423552	0.0018223451262743258	0.9676463736428155	0.02170229227001737
201	2.204171657562256	0.6928958233944711	0.06885090218423552	0.001822090918051852	0.9681689129029697	0.021712807199058937
202	2.031836986541748	0.6928931684688738	0.06885090218423552	0.001820536310165848	0.9682857946113304	0.021686824205785226
203	2.2953708171844482	0.6928905352794433	0.06885090218423552	0.0018195979005735852	0.9687660407250197	0.02168492406097233
204	2.2099854946136475	0.6928879200336714	0.06885090218423552	0.0018184347677859146	0.9689340495202843	0.021666877509465356
205	2.156601667404175	0.6928853620151509	0.06885090218423552	0.0018171169677353928	0.9695295924135083	0.021659986268116934
206	2.2221508026123047	0.6928828202987555	0.06885090218423552	0.0018157566234678142	0.9697775658492462	0.021638839293345598
207	2.2727582454681396	0.6928803092054492	0.06885090218423552	0.0018151114910468637	0.9705178471598757	0.021650381535751585
208	2.418333053588867	0.692877823640818	0.06885090218423552	0.0018143939471348999	0.971134708704319	0.021655489034342234
209	2.503201484680176	0.6928753703408091	0.06885090218423552	0.0018126757364743985	0.9713583267652072	0.021627389656066726
210	2.4189536571502686	0.6928729489091907	0.06885090218423552	0.0018115116317348745	0.9715889339093808	0.02160698669570775
211	2.325610399246216	0.6928705543081531	0.06885090218423552	0.001809727404244927	0.9717842388017225	0.021575452657266108
212	2.159444808959961	0.6928681937264808	0.06885090218423552	0.0018085432384257777	0.9726967022516336	0.021580249150721435
213	2.3487019538879395	0.6928658616169225	0.06885090218423552	0.0018067766164039446	0.9731783467253842	0.021558783593758277
214	2.2129218578338623	0.6928635622814283	0.06885090218423552	0.0018060338227494008	0.9738789495692747	0.021564750252017383
215	2.280430316925049	0.6928612808895926	0.06885090218423552	0.0018051730099391521	0.9745962956012824	0.021570017112901917
216	2.154217004776001	0.6928590237811307	0.06885090218423552	0.0018026460902296636	0.9745962956012824	0.021517074239729476
217	2.393289089202881	0.6928568005222201	0.06885090218423552	0.0018016137783583661	0.9752845043017541	0.02151697820913956
218	2.302123546600342	0.6928546060750513	0.06885090218423552	0.001800578364842383	0.9759883684763315	0.021519212008888167
219	2.2036077976226807	0.6928524411754844	0.06885090218423552	0.0017987536077395591	0.9760756935262725	0.0214849448738954
220	2.160492420196533	0.6928503092197951	0.06885090218423552	0.0017976036563613837	0.9765324346926364	0.02147778268135794
221	2.262953042984009	0.6928481899435364	0.06885090218423552	0.0017962222855298444	0.9767867913160115	0.021459770174865087
222	2.3033447265625	0.6928461190642115	0.06885090218423552	0.00179478948284029	0.977171553166164	0.021443868607834534
223	2.2639777660369873	0.692844058486924	0.06885090218423552	0.0017933644766053441	0.9775279456960057	0.02142630455129252
224	2.5143883228302	0.6928420314195602	0.06885090218423552	0.001793124191566916	0.9783688464395681	0.021449979609594896
225	2.2798211574554443	0.6928400357111454	0.06885090218423552	0.0017921389074503477	0.9785754360251504	0.02143757166172902
226	2.4063961505889893	0.6928380582860166	0.06885090218423552	0.0017909990465056226	0.9786704031490533	0.021417426834270316
227	2.443230390548706	0.6928361009555212	0.06885090218423552	0.001790230561106166	0.9789542983173758	0.021412573049883275
228	2.3553624153137207	0.6928341876634052	0.06885090218423552	0.0017887826527270745	0.9789542983173758	0.02138300370672631
229	2.395127296447754	0.6928322774279378	0.06885090218423552	0.0017881936408934897	0.9794036745459039	0.021386267613807068
230	2.6957626342773438	0.692830411061036	0.06885090218423552	0.0017869617898991828	0.9794493041939658	0.021361982410089072
231	3.157931327819824	0.692828554090498	0.06885090218423552	0.0017862737784980277	0.9799522528281579	0.02136502660818023
232	2.33892560005188	0.6928267266675617	0.06885090218423552	0.0017846082947468994	0.9804795966868387	0.02134836910881548
233	2.4905965328216553	0.6928249312828296	0.06885090218423552	0.001783375677434641	0.9810568998795063	0.021341201852819576
234	2.3933935165405273	0.6928231468227853	0.06885090218423552	0.00178198890495428	0.9811360720555666	0.021312828681627174
235	2.4640555381774902	0.6928213893065313	0.06885090218423552	0.0017800658783395152	0.9811360720555666	0.021272484780928688
236	2.3068466186523438	0.692819655337791	0.06885090218423552	0.0017791742071220148	0.9816943021015337	0.021274478440080104
237	2.2630584239959717	0.6928179491053054	0.06885090218423552	0.0017772180812985258	0.9818808083747074	0.021240029836927892
238	2.2697651386260986	0.6928162567975514	0.06885090218423552	0.0017754395661746477	0.9822773376421371	0.021216590420925833
239	2.1496341228485107	0.6928145920562382	0.06885090218423552	0.0017739932727955762	0.9825880434664792	0.02119633049685561
240	2.2176826000213623	0.6928129483152319	0.06885090218423552	0.0017724199775970785	0.9833012587211297	0.02118790065400932
241	2.0700480937957764	0.6928113273858798	0.06885090218423552	0.0017716049791357046	0.9838286043911578	0.021189185573143667
242	2.1088972091674805	0.692809722419025	0.06885090218423552	0.0017711924394421944	0.9847725979622952	0.021213544536194458
243	2.1670897006988525	0.6928081527734414	0.06885090218423552	0.0017703852965275369	0.9849173209832491	0.021200949905470282
244	2.6885271072387695	0.6928065959771021	0.06885090218423552	0.0017694371584617132	0.985332138517983	0.021196932543391063
245	2.0280227661132812	0.6928050672566449	0.06885090218423552	0.0017684819831283796	0.9854822339948199	0.021183290632029488
246	1.887282371520996	0.6928035483287837	0.06885090218423552	0.0017675816362055067	0.9856911158403213	0.02117306534696197
247	2.3127450942993164	0.6928020476842085	0.06885090218423552	0.001766259772010972	0.9859332811911674	0.021153927617065135
248	2.325498342514038	0.6928005619266434	0.06885090218423552	0.0017647883547018905	0.9861615353952898	0.021131179968544335
249	2.1608197689056396	0.692799120886713	0.06885090218423552	0.0017634781145164345	0.9862483614190691	0.021106842041178363
250	2.255484104156494	0.6927976735070673	0.06885090218423552	0.001762337270232602	0.9865197166305208	0.021093181382196072
251	2.3252716064453125	0.6927962480334022	0.06885090218423552	0.0017612365011217786	0.9869969848893646	0.02108737148772589
252	2.2116658687591553	0.6927948405033956	0.06885090218423552	0.0017601454660123089	0.9872671600080963	0.021074605330025312
253	2.142976760864258	0.6927934578228088	0.06885090218423552	0.001759077126528636	0.987675382427567	0.021066771344355143
254	2.3747384548187256	0.6927921026520579	0.06885090218423552	0.0017580086785343857	0.987760581861534	0.021044914656675157
255	2.392176866531372	0.6927907530851627	0.06885090218423552	0.0017575491588462785	0.9885569950114628	0.02106476432032678
256	2.5695478916168213	0.6927894261601077	0.06885090218423552	0.0017559258940015854	0.9885569950114628	0.02102972523743554
257	2.4138259887695312	0.6927881095936949	0.06885090218423552	0.0017550830086533967	0.9890860225173935	0.02103086261137089
258	2.3119170665740967	0.6927868057067125	0.06885090218423552	0.0017541833171609467	0.9893943120045313	0.02102322427950382
259	2.2545790672302246	0.6927855323862147	0.06885090218423552	0.0017526470375572776	0.9893943120045313	0.020989920157702163
260	2.3364179134368896	0.6927842621789698	0.06885090218423552	0.001752156190981457	0.989914823461462	0.02099732340623935
261	2.1968650817871094	0.6927830216891405	0.06885090218423552	0.0017508020020220057	0.9900517124056476	0.020973425966148873
262	2.163020372390747	0.692781788614514	0.06885090218423552	0.0017492038528156332	0.9900517124056476	0.02093902385306296
263	2.1703178882598877	0.6927805736533597	0.06885090218423552	0.0017483943892781714	0.9902972803722646	0.020930965743244316
264	2.352646589279175	0.692779375900004	0.06885090218423552	0.0017473263700195506	0.9903744102543236	0.02091122818942706
265	2.485116958618164	0.6927781879392445	0.06885090218423552	0.0017462149748874072	0.9904845166183718	0.020892062196145426
266	2.30594539642334	0.6927770157145638	0.06885090218423552	0.001744641025529879	0.9905954263149164	0.02086184780022301
267	2.3817102909088135	0.692775863810935	0.06885090218423552	0.0017440439746268482	0.9912757429755085	0.0208742637328754
268	2.1604020595550537	0.6927747240206907	0.06885090218423552	0.0017428111716360209	0.991589958285108	0.020859635585400736
269	2.1808793544769287	0.6927735958343897	0.06885090218423552	0.0017416114454663553	0.9918766501735532	0.020843737066174164
270	2.297912120819092	0.6927724875729082	0.06885090218423552	0.0017407893309111424	0.9920665835156853	0.020833141397744954
271	2.407008409500122	0.6927714041042419	0.06885090218423552	0.0017402664181605646	0.9921751176303382	0.020826345044281068
272	2.4295692443847656	0.6927703174091132	0.06885090218423552	0.0017399011080967862	0.9922920002443725	0.02082383226964124
273	2.276287078857422	0.6927692515444778	0.06885090218423552	0.0017393709591334264	0.9922920002443725	0.0208134778296789
274	2.3627662658691406	0.6927681976234131	0.06885090218423552	0.0017388507285233188	0.9922920002443725	0.020802867683738555
275	2.1681439876556396	0.6927671589289862	0.06885090218423552	0.0017384262695260247	0.9924021066084207	0.020798551480322086
276	2.0162465572357178	0.6927661267440883	0.06885090218423552	0.001737795390630033	0.9924477362564826	0.020786097336026283
277	2.4284322261810303	0.6927651143141961	0.06885090218423552	0.0017372953984311518	0.9926742542842855	0.020783243503630276
278	2.043767213821411	0.6927641100353665	0.06885090218423552	0.0017365241187875817	0.992771655858865	0.02077038916215258
279	2.1431899070739746	0.6927631214926159	0.06885090218423552	0.001735900210936139	0.9930054201812599	0.02076594438138511
280	1.93605637550354	0.6927621469312017	0.06885090218423552	0.001735501715872288	0.9931863094666744	0.020764591270511137
281	2.3180747032165527	0.6927611877662391	0.06885090218423552	0.0017349787839402685	0.9931863094666744	0.02075334638534052
282	2.205878734588623	0.6927602278654166	0.06885090218423552	0.0017348763154614417	0.9935072620822947	0.020762049993685847
283	2.131725549697876	0.6927592998329843	0.06885090218423552	0.0017342414221162964	0.9935072620822947	0.0207483953073734
284	2.264187812805176	0.6927583651212093	0.06885090218423552	0.001733607631234199	0.9935072620822947	0.020734538338328414
285	2.2089600563049316	0.6927574495983939	0.06885090218423552	0.0017329208666267686	0.9935072620822947	0.020719581301317878
286	2.3671867847442627	0.6927565467550091	0.06885090218423552	0.0017320924055570664	0.9935940890117475	0.020704397874205936
287	2.3324778079986572	0.6927556482701787	0.06885090218423552	0.0017318500001677767	0.9944693410498464	0.020730012093811295
288	2.3648252487182617	0.6927547735026759	0.06885090218423552	0.0017305385376214415	0.9945390407855694	0.02070320541957165
289	2.2362112998962402	0.6927538949426649	0.06885090218423552	0.0017297462222377743	0.9948717336482585	0.02069869448925242
290	2.396392583847046	0.6927530381188207	0.06885090218423552	0.0017287090230235212	0.9949401781203514	0.02067755216667172
291	2.3324689865112305	0.6927521840119973	0.06885090218423552	0.0017284055821755009	0.9951020256180143	0.020675632204941816
292	2.2375528812408447	0.6927513516413407	0.06885090218423552	0.001727635101850807	0.9952829149034288	0.020666260961248607
293	2.327118158340454	0.6927505237990521	0.06885090218423552	0.0017269984861559005	0.9953285445514907	0.020653465902477023
294	2.662696361541748	0.6927497075607068	0.06885090218423552	0.001726079555234986	0.9953285445514907	0.02063319296730861
295	2.7533864974975586	0.6927488960205433	0.06885090218423552	0.0017254594540982336	0.9955039074165076	0.020626483271066507
296	2.4026894569396973	0.6927480908200951	0.06885090218423552	0.0017245757676119732	0.9956148180187258	0.02061184698048933
297	2.147062301635742	0.6927473118841818	0.06885090218423552	0.0017240472243066633	0.995802858503003	0.020607429876718368
298	2.5926785469055176	0.6927465191933504	0.06885090218423552	0.0017232707830863241	0.995802858503003	0.02059088842474554
299	2.1992099285125732	0.6927457558237023	0.06885090218423552	0.001722612579203682	0.995802858503003	0.020576844118351555
300	2.379591941833496	0.6927449901332656	0.06885090218423552	0.0017218020512343888	0.995802858503003	0.020559333985651945
301	2.2849457263946533	0.6927442454431358	0.06885090218423552	0.0017214290301756825	0.9961170176608384	0.02056345968186176
302	2.3361730575561523	0.6927434963944518	0.06885090218423552	0.0017211316272807426	0.996386912926423	0.02056729648499294
303	2.0982182025909424	0.6927427544213428	0.06885090218423552	0.001720870489361612	0.9965138086679428	0.020565619832833438
304	2.0491268634796143	0.6927420299956601	0.06885090218423552	0.0017206379369317827	0.996622341876922	0.020565206919074173
305	2.2775678634643555	0.6927413025133291	0.06885090218423552	0.00172032221238786	0.996622341876922	0.02055876372879104
306	2.3656272888183594	0.6927405949558175	0.06885090218423552	0.0017199404560341717	0.996622341876922	0.020550571359934575
307	2.257601022720337	0.6927398926625338	0.06885090218423552	0.0017196886551102972	0.9966749180416097	0.020546970322041825
308	2.413768768310547	0.6927392030486806	0.06885090218423552	0.001719449295534983	0.9968983694585527	0.020551024163133
309	2.3878753185272217	0.6927385264538858	0.06885090218423552	0.0017191896768192188	0.9971797522882677	0.020556213647296966
310	2.337689161300659	0.6927378422740744	0.06885090218423552	0.001718838894569491	0.9972132948162662	0.020548923306365242
311	2.360380172729492	0.6927371800002435	0.06885090218423552	0.001718246878103989	0.9972132948162662	0.02053612154171734
312	2.3944268226623535	0.6927365168207391	0.06885090218423552	0.0017178654293719846	0.9972132948162662	0.02052777098157467
313	2.2748196125030518	0.6927358643395043	0.06885090218423552	0.0017174784751792047	0.997396363152398	0.020526403256984745
314	2.2492432594299316	0.6927352236320263	0.06885090218423552	0.0017170034706502346	0.9975703982998956	0.0205213719455336
315	2.2564775943756104	0.692734576754647	0.06885090218423552	0.0017161237155303981	0.9975703982998956	0.02050143070094436
316	2.1051175594329834	0.6927339514436206	0.06885090218423552	0.001715178946820278	0.9975703982998956	0.020480316691277485
317	2.122509717941284	0.6927333335477969	0.06885090218423552	0.001714692221103627	0.9979273758948924	0.020482120853260597
318	2.1933364868164062	0.692732714406672	0.06885090218423552	0.0017144539888111516	0.9980486012139098	0.020480347915790474
319	2.3029518127441406	0.6927321073789315	0.06885090218423552	0.0017140265282222264	0.9980486012139098	0.02047107114252287
320	1.9363987445831299	0.6927315038040719	0.06885090218423552	0.001713529234360249	0.9980486012139098	0.020460089318390585
321	2.231426477432251	0.6927309118331554	0.06885090218423552	0.0017132902285636907	0.998188503334212	0.020459668478218295
322	1.942873477935791	0.692730335598318	0.06885090218423552	0.0017129381684540415	0.9982986096982602	0.020456600504425857
323	2.1075267791748047	0.6927297459481901	0.06885090218423552	0.001712413052435706	0.9982986096982602	0.0204448968761115
324	2.2936975955963135	0.6927291838645029	0.06885090218423552	0.0017120530523699403	0.9984231561224232	0.020442092134940092
325	2.6058602333068848	0.6927286174222614	0.06885090218423552	0.0017114653077829145	0.9984231561224232	0.020428976616295936
326	2.3095669746398926	0.6927280634896368	0.06885090218423552	0.0017110257987609594	0.9985409444100724	0.020423921746717446
327	2.319140911102295	0.6927275017455772	0.06885090218423552	0.0017104955732929435	0.9985409444100724	0.020412284253803696
328	2.2805144786834717	0.6927269639452638	0.06885090218423552	0.0017099251059336802	0.9985409444100724	0.020399833130778467
329	2.212740659713745	0.6927264168617958	0.06885090218423552	0.0017094659264812358	0.9986518550122905	0.02039429114588447
330	2.205577850341797	0.6927258846653379	0.06885090218423552	0.0017090872955970212	0.9987202994843833	0.020388010638993294
331	2.3098697662353516	0.6927253526386938	0.06885090218423552	0.0017089163254352122	0.9988380877720324	0.02038912655182487
332	2.3460960388183594	0.6927248313103194	0.06885090218423552	0.0017087104333301957	0.998948997468577	0.020389226360771902
333	2.2412924766540527	0.692724309246085	0.06885090218423552	0.0017081152428611971	0.998948997468577	0.020375450212483676
334	2.2662761211395264	0.6927237951630993	0.06885090218423552	0.0017079165037756773	0.9989946271166389	0.02037213499775441
335	2.4527180194854736	0.6927232999294458	0.06885090218423552	0.0017077417179441534	0.9989946271166389	0.02036843544220709
336	2.4869656562805176	0.6927227925258032	0.06885090218423552	0.001707673281765519	0.9989946271166389	0.020367119755818803
337	2.34416127204895	0.6927223027261913	0.06885090218423552	0.0017076175215349826	0.9989946271166389	0.020366225166976847
338	2.3550326824188232	0.692721817964389	0.06885090218423552	0.0017075202542119231	0.9989946271166389	0.02036445363400838
339	2.1640255451202393	0.6927213299761245	0.06885090218423552	0.0017074544838114915	0.9989946271166389	0.020363166433001064
340	2.2624168395996094	0.6927208468558556	0.06885090218423552	0.0017073353904397612	0.9989946271166389	0.02036076389759043
341	2.277902126312256	0.6927203742640424	0.06885090218423552	0.0017073584769910833	0.9990402567647009	0.02036222955698443
342	2.341093063354492	0.692719908521386	0.06885090218423552	0.0017070314351200406	0.9990402567647009	0.020355019677724028
343	2.324384927749634	0.6927194413636145	0.06885090218423552	0.0017068332488138268	0.9990402567647009	0.020350748613823456
344	2.1367714405059814	0.6927189861494139	0.06885090218423552	0.0017067260977967774	0.9990402567647009	0.020348676043436115
345	2.313412666320801	0.6927185301993534	0.06885090218423552	0.0017066869972842407	0.9990402567647009	0.020347975066209393
346	2.203784465789795	0.6927180858532361	0.06885090218423552	0.0017066540771760118	0.9990402567647009	0.02034715148518596
347	2.2670366764068604	0.6927176433184661	0.06885090218423552	0.001706661263859768	0.9993068300194663	0.020357148587378228
348	2.101611375808716	0.6927172087649448	0.06885090218423552	0.001706409871163411	0.9993068300194663	0.020351308183912595
349	2.3814687728881836	0.6927167807209526	0.06885090218423552	0.0017063715026965091	0.9993068300194663	0.02035031759366747
350	2.3037123680114746	0.692716351035427	0.06885090218423552	0.001706366699541842	0.9993068300194663	0.020350247173121682
351	2.4355952739715576	0.6927159229914347	0.06885090218423552	0.0017063704594914028	0.9993068300194663	0.020350459024685116
352	2.3158833980560303	0.6927155090985928	0.06885090218423552	0.0017063825073716534	0.9993068300194663	0.02035078556336116
353	2.2861335277557373	0.6927150893754769	0.06885090218423552	0.0017063869036807514	0.9993068300194663	0.020350943921807824
354	2.2332520484924316	0.6927146866903459	0.06885090218423552	0.0017063894172788111	0.9993068300194663	0.020351138188798204
355	2.306720018386841	0.692714274778665	0.06885090218423552	0.0017063651474481067	0.9993068300194663	0.02035064086785004
356	2.356285333633423	0.692713872093534	0.06885090218423552	0.0017065237090411682	0.9994877193048809	0.020361579331973564
357	2.1971657276153564	0.6927134730310974	0.06885090218423552	0.0017063314790425315	0.9994877193048809	0.020357125422829747
358	2.2239036560058594	0.6927130855726041	0.06885090218423552	0.0017060939837707045	0.9994877193048809	0.020351537697880413
359	2.3625638484954834	0.6927127008311316	0.06885090218423552	0.0017059786418910118	0.9994877193048809	0.02034888715825529
360	2.3968605995178223	0.6927123164292868	0.06885090218423552	0.0017058603453506509	0.9994877193048809	0.020346338881032874
361	2.401132106781006	0.6927119334991615	0.06885090218423552	0.001705654822502211	0.9994877193048809	0.02034154994340732
362	2.2857143878936768	0.6927115608710736	0.06885090218423552	0.001705442891559667	0.9994877193048809	0.020336681073009684
363	2.6208486557006836	0.6927111933373997	0.06885090218423552	0.001705336603596948	0.9994877193048809	0.02033434452175924
364	3.040698289871216	0.6927108158413161	0.06885090218423552	0.0017055468407684207	0.9995750452604955	0.020342659475839037
365	2.297814130783081	0.6927104555530312	0.06885090218423552	0.0017054818553146034	0.9995750452604955	0.020341398685300282
366	2.4156746864318848	0.6927100946987004	0.06885090218423552	0.0017053371553812512	0.9995750452604955	0.020338568596765468
367	2.148178815841675	0.692709745108685	0.06885090218423552	0.0017052249889975592	0.9996623712161101	0.02033970038364982
368	2.352114677429199	0.6927093967639709	0.06885090218423552	0.001704861864015099	0.9996623712161101	0.020331398512308415
369	2.2935009002685547	0.6927090404380081	0.06885090218423552	0.0017047577752295707	0.9996623712161101	0.02032917354729978
370	2.479994058609009	0.692708704433097	0.06885090218423552	0.001704730430785089	0.9996623712161101	0.020328646960004047
371	2.50339412689209	0.6927083696734871	0.06885090218423552	0.0017046819312554577	0.9996623712161101	0.02032775313090197
372	2.35481333732605	0.6927080220646329	0.06885090218423552	0.0017044948850553183	0.9996623712161101	0.020323803175173537
373	2.4055469036102295	0.6927076945504119	0.06885090218423552	0.0017042468902380768	0.999708000864172	0.02031870634124348
374	2.6419477462768555	0.6927073650550298	0.06885090218423552	0.0017037882257548336	0.999708000864172	0.02030799826845909
375	2.4064178466796875	0.6927070373709951	0.06885090218423552	0.001703655130041061	0.999708000864172	0.020305002169243122
376	2.419261932373047	0.6927067133096548	0.06885090218423552	0.0017035848324333917	0.999708000864172	0.02030348543481015
377	2.469451904296875	0.6927063981352368	0.06885090218423552	0.0017037536683143005	0.9997475706500771	0.020308229173661863
378	2.4840822219848633	0.6927060762248713	0.06885090218423552	0.0017037195273376965	0.9997475706500771	0.020307606303708845
379	2.267660617828369	0.6927057621259408	0.06885090218423552	0.001703716557807265	0.9997475706500771	0.020307577937728208
380	2.4458608627319336	0.6927054588950937	0.06885090218423552	0.001703711025149748	0.9997475706500771	0.020307523109096635
381	2.3412978649139404	0.6927051428150022	0.06885090218423552	0.0017037291107619675	0.9997475706500771	0.02030790035753508
382	2.2586333751678467	0.6927048471691715	0.06885090218423552	0.0017037463287317882	0.9997475706500771	0.020308309134736247
383	2.2483582496643066	0.6927045482968786	0.06885090218423552	0.0017037572125693764	0.9997475706500771	0.02030860215729741
384	2.4096789360046387	0.6927042524812341	0.06885090218423552	0.0017037656090659215	0.9997475706500771	0.020308822820605206
385	2.371701717376709	0.6927039581373093	0.06885090218423552	0.0017037684972272392	0.9997475706500771	0.02030892348746572
386	2.4963903427124023	0.6927036630575247	0.06885090218423552	0.0017037749189197139	0.9997475706500771	0.02030901748913447
387	2.32528018951416	0.6927033753929428	0.06885090218423552	0.0017037899536323882	0.9997475706500771	0.020309429403468755
388	2.273376703262329	0.6927030929925888	0.06885090218423552	0.0017038059361957382	0.9997475706500771	0.02030983835313706
389	2.4855234622955322	0.6927028114979084	0.06885090218423552	0.0017038099153222938	0.9997475706500771	0.02030999220974906
390	2.3270633220672607	0.6927025388901503	0.06885090218423552	0.0017038287553677101	0.9997475706500771	0.02031037869358193
391	2.4393250942230225	0.6927022628295116	0.06885090218423552	0.0017038515326942884	0.9997475706500771	0.020310877557889916
392	2.426520347595215	0.6927019914670548	0.06885090218423552	0.0017038492291523647	0.9997475706500771	0.020310911499423746
393	1.9873108863830566	0.6927017172177633	0.06885090218423552	0.0017038720102931205	0.9997475706500771	0.020311340031630633
394	2.1851844787597656	0.6927014511195343	0.06885090218423552	0.0017038876694252985	0.9997475706500771	0.020311702669006466
395	2.0830845832824707	0.6927011866628388	0.06885090218423552	0.0017039019037135377	0.9997475706500771	0.02031201748964567
396	2.0744166374206543	0.6927009294515322	0.06885090218423552	0.0017039153092750414	0.9997475706500771	0.02031230052680145
397	2.1241304874420166	0.6927006662401378	0.06885090218423552	0.00170392190636439	0.9997475706500771	0.020312412632213585
398	2.0924432277679443	0.6927004153685465	0.06885090218423552	0.001703937031290647	0.9997475706500771	0.0203126181776707
399	2.147365093231201	0.6927001720819718	0.06885090218423552	0.0017039434125749545	0.9997475706500771	0.020312778074170507
400	2.1992104053497314	0.6926999159461525	0.06885090218423552	0.0017039571449395839	0.9997475706500771	0.020313121772885096
401	2.2189416885375977	0.6926996659802349	0.06885090218423552	0.0017039814336200626	0.9997475706500771	0.020313664809124082
402	2.293060541152954	0.6926994179954783	0.06885090218423552	0.0017040100198279773	0.9997475706500771	0.02031429464851859
403	2.333784341812134	0.6926991788976439	0.06885090218423552	0.0017040208810016138	0.9997475706500771	0.020314556336895353
404	2.230818748474121	0.692698948120686	0.06885090218423552	0.0017039602552629046	0.9997475706500771	0.020313122971310632
405	2.4714159965515137	0.6926987021170903	0.06885090218423552	0.0017038790551337068	0.99981601512217	0.020313409599320785
406	2.3973634243011475	0.6926984720759921	0.06885090218423552	0.00170374899052998	0.99981601512217	0.02031028815098496
407	2.4149482250213623	0.6926982376763398	0.06885090218423552	0.0017037253956980862	0.99981601512217	0.020309772982783015
408	2.2218620777130127	0.6926980049182208	0.06885090218423552	0.0017036569386243941	0.99981601512217	0.020308463506096334
409	2.372472047805786	0.69269777595261	0.06885090218423552	0.0017035406109733651	0.99981601512217	0.020306208901503545
410	2.4128968715667725	0.6926975515153673	0.06885090218423552	0.0017035078192204909	0.99981601512217	0.02030560360904801
411	2.3346970081329346	0.6926973296253317	0.06885090218423552	0.001703517141290706	0.99981601512217	0.020305706049224534
412	2.407639741897583	0.6926971004899071	0.06885090218423552	0.0017035333695644575	0.99981601512217	0.020306097649582657
413	2.26977276802063	0.6926968872603754	0.06885090218423552	0.001703532489097579	0.99981601512217	0.020306130843758867
414	2.273963212966919	0.6926966780497704	0.06885090218423552	0.0017035488089115836	0.99981601512217	0.02030657033603161
415	2.3916003704071045	0.69269646249945	0.06885090218423552	0.0017035721783753544	0.99981601512217	0.020307080746793736
416	2.288668632507324	0.6926962472887573	0.06885090218423552	0.0017035648034149666	0.99981601512217	0.020307022077009323
417	2.4810566902160645	0.6926960380781523	0.06885090218423552	0.001703573963631401	0.99981601512217	0.020307179933090155
418	2.385624647140503	0.6926958388299571	0.06885090218423552	0.0017035882315286218	0.99981601512217	0.020307492673510272
419	2.6377623081207275	0.6926956278080049	0.06885090218423552	0.0017035985424104594	0.99981601512217	0.0203077723426923
420	3.1988415718078613	0.6926954214842345	0.06885090218423552	0.0017036131981376414	0.99981601512217	0.020308129743258102
421	2.7409679889678955	0.6926952234813404	0.06885090218423552	0.001703621553783796	0.99981601512217	0.02030831020580143
422	2.329023599624634	0.6926950296671869	0.06885090218423552	0.0017036193415057355	0.99981601512217	0.020308237277848713
423	2.631657838821411	0.6926948286076443	0.06932573599240266	0.0017036341368096924	0.99981601512217	0.020308599356254113
424	2.1669397354125977	0.6926946349633045	0.0698005698005698	0.0017036452078736314	0.99981601512217	0.02030888616203809
425	2.149322748184204	0.692694443130312	0.06932573599240266	0.0017036656739746537	0.99981601512217	0.020309390480730043
426	2.1744284629821777	0.6926942538445265	0.0698005698005698	0.0017036653423070703	0.99981601512217	0.02030945266088416
427	2.1053178310394287	0.6926940654644147	0.06932573599240266	0.0017036767092184937	0.99981601512217	0.020309707891029736
428	2.01255464553833	0.6926938844995055	0.06837606837606838	0.001703692359506203	0.99981601512217	0.02031004862242501
429	2.2064547538757324	0.6926936943080464	0.06457739791073125	0.0017037012968420212	0.99981601512217	0.02031022443631549
430	2.154327630996704	0.6926935008335204	0.06457739791073125	0.0017037161161918776	0.99981601512217	0.0203105437331404
431	2.284125566482544	0.6926933269441864	0.06362773029439696	0.0017037172204238192	0.99981601512217	0.020310584568937733
432	2.2932565212249756	0.6926931548661995	0.06267806267806268	0.0017037250716588571	0.99981601512217	0.020310768647099946
433	2.166860818862915	0.6926929729956167	0.06267806267806268	0.0017037398007951308	0.99981601512217	0.02031104365613131
434	2.2036168575286865	0.6926927992760965	0.060778727445394115	0.0017037403563936113	0.99981601512217	0.020311097636578315
435	2.134026288986206	0.6926926235754153	0.06030389363722697	0.0017037367186635548	0.99981601512217	0.020311047923587552
436	2.165409803390503	0.6926924551201229	0.06125356125356125	0.0017037517212597515	0.99981601512217	0.020311361265431555
437	2.0864694118499756	0.692692283042136	0.060778727445394115	0.0017037755285247325	0.99981601512217	0.020311884757163178
438	2.1789486408233643	0.6926921174736784	0.06030389363722697	0.0017037840116970729	0.99981601512217	0.02031201611256186
439	2.213697910308838	0.6926919493580136	0.060778727445394115	0.0017037403235585205	0.99981601512217	0.020310960380149987
440	2.0636301040649414	0.6926917772800268	0.060778727445394115	0.0017034383456409332	0.99981601512217	0.02030388281414425
441	2.37740421295166	0.6926916178814706	0.060778727445394115	0.0017034360246311834	0.9998495576501685	0.02030400504293548
442	2.346431016921997	0.6926914548602199	0.060778727445394115	0.0017033249419160428	0.9998495576501685	0.02030179990191943
443	2.2506587505340576	0.6926912965371511	0.060778727445394115	0.001703301321435189	0.9998495576501685	0.020301282358977588
444	2.1850409507751465	0.692691139119756	0.060778727445394115	0.0017032766571411719	0.9998495576501685	0.020300821884971284
445	2.1865406036376953	0.6926909842495679	0.060778727445394115	0.0017032603974695558	0.9998495576501685	0.02030051166345591
446	2.2129085063934326	0.6926908266623588	0.060778727445394115	0.0017032694523262545	0.9998495576501685	0.020300781807144935
447	2.4779365062713623	0.6926906717921707	0.060778727445394115	0.0017032825524771918	0.9998495576501685	0.02030100297104967
448	2.5142359733581543	0.6926905187333298	0.060778727445394115	0.0017032846869239257	0.9998495576501685	0.020301076971836467
449	2.202194929122925	0.6926903723538318	0.060778727445394115	0.0017032879644077084	0.9998495576501685	0.02030114404386633
450	2.4953420162200928	0.6926902211063382	0.060778727445394115	0.0017032871616063225	0.9998495576501685	0.020301148024761777
451	2.4922373294830322	0.6926900734815389	0.060778727445394115	0.00170330373055796	0.9998495576501685	0.020301537247726664
452	2.1917836666107178	0.692689932196455	0.060778727445394115	0.00170330566130552	0.9998495576501685	0.02030157186144013
453	2.4200422763824463	0.6926897845716558	0.060778727445394115	0.0017033052588821852	0.9998495576501685	0.02030156013013659
454	2.3774044513702393	0.6926896409091786	0.060778727445394115	0.0017033111577007146	0.9998495576501685	0.020301702783459837
455	2.258702278137207	0.6926894969070739	0.060778727445394115	0.0017033113911946933	0.9998495576501685	0.020301733760327696
456	2.3781096935272217	0.6926893547163163	0.060778727445394115	0.0017033035468693968	0.9998495576501685	0.020301590191601913
457	2.3640551567077637	0.6926892126953726	0.060778727445394115	0.0017033086297856706	0.9998495576501685	0.02030169302801065
458	2.3385074138641357	0.6926890822783721	0.060778727445394115	0.0017033143026280197	0.9998495576501685	0.020301791873795015
459	2.342285633087158	0.6926889455216563	0.060778727445394115	0.0017033197054376777	0.9998495576501685	0.020301920475026086
460	2.2661619186401367	0.6926888035007125	0.060778727445394115	0.0017033332839085484	0.9998495576501685	0.02030219609255691
461	2.382215738296509	0.6926886739893856	0.060778727445394115	0.0017033409246452265	0.9998495576501685	0.020302396274728088
462	2.557708978652954	0.6926885444780587	0.060778727445394115	0.0017033365435375595	0.9998495576501685	0.02030237772699237
463	2.237946033477783	0.6926884194950998	0.060778727445394115	0.001703341293017356	0.9998495576501685	0.020302460298953967
464	2.3653900623321533	0.6926882810968505	0.060778727445394115	0.0017033477494796492	0.9998495576501685	0.020302623192844284
465	2.197352647781372	0.6926881524911973	0.060778727445394115	0.001703360195416278	0.9998495576501685	0.0203028838711827
466	2.295684576034546	0.692688023885544	0.060778727445394115	0.0017033587151285745	0.9998495576501685	0.020302938951881636
467	2.396916151046753	0.692687901619606	0.060778727445394115	0.0017033426758500678	0.9998495576501685	0.02030267829300105
468	2.3592660427093506	0.6926877742592539	0.060778727445394115	0.0017033804661650935	1.0	0.020309574749048334
469	2.340196132659912	0.6926876528989895	0.060778727445394115	0.001702989398409831	1.0	0.02030043573015266
470	2.193362236022949	0.6926875279160307	0.060778727445394115	0.0017028758218861296	1.0	0.020298065283359625
471	2.3233840465545654	0.6926874094426009	0.060778727445394115	0.0017028499922227796	1.0	0.020297572137000782
472	2.3301844596862793	0.6926872935163783	0.060778727445394115	0.0017028535143666832	1.0	0.0202976574330588
473	2.05456280708313	0.6926871748731347	0.060778727445394115	0.0017028166977724048	1.0	0.02029696783512576
474	2.1200828552246094	0.6926870580412384	0.060778727445394115	0.0017028287855080431	1.0	0.020297194833726624
475	1.9962856769561768	0.6926869403036684	0.060778727445394115	0.0017028387850645756	1.0	0.020297368510793418
476	2.185861587524414	0.6926868201887053	0.060778727445394115	0.0017028418936190024	1.0	0.020297474982278865
477	2.274289608001709	0.6926867142248924	0.060778727445394115	0.0017028484847936125	1.0	0.020297579051606562
478	2.3087401390075684	0.6926866073554058	0.060778727445394115	0.001702846169035266	1.0	0.020297548497504318
479	2.554748296737671	0.6926864896178359	0.060778727445394115	0.0017028580489258855	1.0	0.020297747986269134
480	2.1898505687713623	0.6926863773143076	0.060778727445394115	0.0017028619027926507	1.0	0.02029789318237719
481	2.385906219482422	0.6926862722561683	0.060778727445394115	0.0017028560055771813	1.0	0.02029780438567838
482	2.1619019508361816	0.6926861644810082	0.060778727445394115	0.0017028588366916745	1.0	0.020297912330652347
483	2.632571220397949	0.692686056705848	0.060778727445394115	0.0017028700756346886	1.0	0.020298112732166352
484	3.218549966812134	0.6926859480250143	0.060778727445394115	0.0017028686443232319	1.0	0.020298088172845126
485	2.3206520080566406	0.6926858433065025	0.06125356125356125	0.0017028661295643353	1.0	0.020298011358632774
486	2.5416386127471924	0.6926857357011561	0.06125356125356125	0.0017028840444783051	1.0	0.020298358122840282
487	2.4910807609558105	0.6926856342657113	0.060778727445394115	0.0017028962380711806	1.0	0.020298667210494746
488	2.4547464847564697	0.6926855319245928	0.060778727445394115	0.0017028974226219553	1.0	0.020298712637455883
489	2.3514750003814697	0.692685435017516	0.060778727445394115	0.0017029071884081192	1.0	0.020298904949818636
490	2.2740628719329834	0.6926853308650504	0.06030389363722697	0.0017029187952810395	1.0	0.020299186644384043
491	2.338629961013794	0.6926852348636472	0.05982905982905983	0.001702921666637866	1.0	0.0202991679038389
492	2.4045286178588867	0.6926851406735912	0.06030389363722697	0.0017029439965448743	1.0	0.02029963936532891
493	2.465092420578003	0.6926850374267991	0.059354226020892686	0.001702941872711503	1.0	0.02029959620255181
494	2.3193328380584717	0.6926849432367431	0.05887939221272555	0.0017029486760428106	1.0	0.020299756636795323
495	2.3459880352020264	0.6926848537448691	0.059354226020892686	0.0017029569627021077	1.0	0.020299958646233775
496	2.6416404247283936	0.6926847515735645	0.0584045584045584	0.0017029668225160316	1.0	0.020300131544987304
497	2.393716335296631	0.692684661006203	0.05745489078822412	0.001702970744595763	1.0	0.020300218117302187
498	2.398470878601074	0.6926845749672096	0.057929724596391265	0.0017029758796944033	1.0	0.020300342647424224
499	2.3765060901641846	0.6926844780601328	0.059354226020892686	0.0017029810404420034	1.0	0.020300475937108254
